9
436
1024
[[[5.8087935  5.811861   5.814867   ... 0.36101818 0.36012018 0.3594477 ]
  [5.8121448  5.8167114  5.820032   ... 0.36128482 0.35967138 0.3585428 ]
  [5.81169    5.818608   5.8209867  ... 0.3627252  0.36187097 0.36183068]
  ...
  [4.778336   4.777697   4.7776055  ... 2.0760508  2.0711684  2.0639472 ]
  [4.779604   4.779258   4.7785563  ... 2.0800884  2.0766811  2.0707486 ]
  [4.7814307  4.780542   4.7802453  ... 2.083535   2.0800602  2.0770247 ]]]
[[[6.1517754  6.1562505  6.1577106  ... 0.5318575  0.53244495 0.5338113 ]
  [6.1543217  6.1605887  6.1633945  ... 0.53334564 0.53460443 0.53386974]
  [6.153256   6.162906   6.1634293  ... 0.5358064  0.53794354 0.5358684 ]
  ...
  [5.1034136  5.098606   5.0961123  ... 2.4432523  2.439861   2.433615  ]
  [5.106689   5.102132   5.0979767  ... 2.4502916  2.448058   2.4429195 ]
  [5.1102114  5.1038303  5.100684   ... 2.4594488  2.4561923  2.4525118 ]]]
[[[7.9219985  7.961533   7.9845953  ... 0.79936224 0.80068046 0.8035348 ]
  [7.9532323  7.9772167  7.9922376  ... 0.7974211  0.8003123  0.80610013]
  [7.9656615  7.980791   7.989398   ... 0.7960907  0.80010915 0.80921894]
  ...
  [5.2891316  5.283436   5.2812595  ... 2.5979428  2.590194   2.5777147 ]
  [5.290999   5.286282   5.2824907  ... 2.5997133  2.5924437  2.5823307 ]
  [5.2937226  5.2877517  5.2845135  ... 2.6007304  2.5946488  2.587357  ]]]
[[[10.692823   10.9574375  11.124875   ...  0.83816046  0.8539127
    0.90361804]
  [10.543893   10.912198   11.123963   ...  0.83740866  0.8656828
    0.95086765]
  [10.226573   10.814123   11.09747    ...  0.84094     0.891462
    1.03481   ]
  ...
  [ 4.658155    4.6588836   4.659324   ...  1.5948786   1.5420667
    1.5335433 ]
  [ 4.658834    4.657877    4.657394   ...  1.6034144   1.5425988
    1.5320424 ]
  [ 4.656699    4.656099    4.6542177  ...  1.6161356   1.544138
    1.5320524 ]]]
[[[13.26075    13.269655   13.279063   ...  0.6824881   0.7251938
    0.90399987]
  [13.264653   13.274988   13.2842     ...  0.6898306   0.7858414
    1.1517755 ]
  [13.264645   13.277515   13.285212   ...  0.7222207   1.0119629
    1.5889187 ]
  ...
  [ 3.367179    3.3712559   3.372463   ...  1.6194816   1.620345
    1.6230452 ]
  [ 3.3672476   3.3713973   3.3717086  ...  1.6185416   1.6179265
    1.6198127 ]
  [ 3.3672678   3.3734615   3.3745694  ...  1.6162438   1.6157355
    1.6150017 ]]]
[[[13.768053  13.77514   13.782384  ...  1.7227839  1.9968256  2.181659 ]
  [13.772394  13.780006  13.786801  ...  1.9221469  2.1420608  2.266192 ]
  [13.773942  13.782636  13.788323  ...  2.121286   2.2623315  2.3335712]
  ...
  [ 3.5380008  3.5350895  3.5330014 ...  2.0021122  2.0002954  2.0003688]
  [ 3.5408995  3.536875   3.5339615 ...  2.0048316  2.0005863  1.9991621]
  [ 3.5505688  3.5437198  3.5378828 ...  2.0063772  2.0020149  1.9979836]]]
[[[14.309318  14.313633  14.318719  ...  2.0836139  2.095823   2.0983703]
  [14.313592  14.318952  14.323615  ...  2.082833   2.0862427  2.090048 ]
  [14.316002  14.322207  14.326382  ...  2.0779738  2.0772197  2.0836616]
  ...
  [14.170144  14.1721525 14.172852  ...  2.342737   2.3392851  2.333021 ]
  [14.165898  14.167546  14.168105  ...  2.3475173  2.343843   2.3349395]
  [14.159915  14.162147  14.163282  ...  2.3523624  2.347456   2.3418639]]]
[[[14.948062  14.951172  14.953604  ...  2.472998   2.4665942  2.4517636]
  [14.953972  14.957767  14.960025  ...  2.47879    2.4615154  2.4401517]
  [14.958404  14.962556  14.965132  ...  2.4705546  2.4534812  2.4295146]
  ...
  [14.8701105 14.86728   14.865046  ...  2.4708889  2.4680924  2.463861 ]
  [14.871387  14.86862   14.864878  ...  2.4726458  2.4704335  2.4660423]
  [14.868643  14.866689  14.864998  ...  2.475644   2.4733796  2.4708707]]]
[[[15.635956  15.641851  15.645798  ...  2.7492497  2.747082   2.7441123]
  [15.64369   15.650606  15.654639  ...  2.7579796  2.750923   2.7407262]
  [15.651006  15.657507  15.662054  ...  2.7593381  2.7469513  2.7275898]
  ...
  [15.549981  15.5503    15.550269  ...  2.4140654  2.4118006  2.4079373]
  [15.553626  15.554377  15.553831  ...  2.4170887  2.415261   2.410765 ]
  [15.556732  15.557269  15.559153  ...  2.419322   2.417925   2.4159405]]]
